%YAML:1.0
---
h: 1080
w: 1920
