%YAML:1.0
---
h: 360
w: 640
