%YAML:1.0
---
h: 1440
w: 2560
